157747793
24238335
119885386
49760492
196516649
119619072
126183327
29809451
136189196
84041882
92368543
47590078
104253031
161812811
148048628
122237927
134779227
75936070
45987038
77930067
18263416 
157948989
108644219
155230881
59810186
64115174 
18746804
31106831
109549898
97647419
195062755 
45576092
143969425
164166303
96577889
114627089
160313659
67020552
118245678
53210856
12373414 
40250961
62677745
20651524
193884350
129354971
9782811
118424530
129827840
85095436
140706017
196047950
111290673
77805422
169621171
141127416
95516632
15951895
43681797
179852881
189196160 
74859484
4390673
38819589
24695283
58505823
115962571
102577988
159053377
158307331
14754252
79965451
132678241
57311950
182879536
193032074
20098383
65561668
18060082
82594367
165897492
72400060 
48523469
14983990
72930547
160458581
78278147
189840815
89581191
117471818
41635516
